FLICKER evaluation summary
Generated: 2026-05-22T21:20:10
Test samples: 2431
Class distribution: E=244  S=33  B=140  J=2014

Solo checkpoint: C:\Users\Pierce Oxley\Documents\Coding\exoplanets\model\checkpoints\best_20260522_123141.pt
Choir directory: C:\Users\Pierce Oxley\Documents\Coding\exoplanets\model\runs\20260522_024151  (5/10 models)
  - model_0.pt
  - model_1.pt
  - model_2.pt
  - model_3.pt
  - model_4.pt

WARNING: Choir is short by 5 model(s).
         Train more with: python model/chorus.py --model-count 10

========================================================================
Headline (threshold = 0.29)
========================================================================
  method      precision   recall       F2   missRate   AUC-PR
  solo           0.4735   0.9139   0.7706     0.0861   0.8777
  baritone       0.5183   0.9303   0.8027     0.0697   0.8947
  soprano        0.3718   0.9508   0.7250     0.0492   0.8900

Headline counts (E vs rest):
  method        TP    FP    FN    TN
  solo         223   248    21  1939
  baritone     227   211    17  1976
  soprano      232   392    12  1795

========================================================================
Per-threshold breakdown (precision / recall / F2 on E)
========================================================================

  Threshold = 0.0105
    method      precision   recall       F2   missRate
    solo           0.1467   0.9959   0.4615     0.0041
    baritone       0.1162   0.9959   0.3960     0.0041
    soprano        0.1092   0.9959   0.3796     0.0041

  Threshold = 0.215
    method      precision   recall       F2   missRate
    solo           0.3986   0.9344   0.7364     0.0656
    baritone       0.4021   0.9508   0.7469     0.0492
    soprano        0.2990   0.9631   0.6669     0.0369

  Threshold = 0.29
    method      precision   recall       F2   missRate
    solo           0.4735   0.9139   0.7706     0.0861
    baritone       0.5183   0.9303   0.8027     0.0697
    soprano        0.3718   0.9508   0.7250     0.0492

========================================================================
AUC-PR (E one-vs-rest)
========================================================================
  solo       0.8777
  baritone   0.8947
  soprano    0.8900

========================================================================
Confusion matrices @ threshold = 0.29
========================================================================

Solo - counts (rows = actual, columns = predicted)
               E        S        B        J
     E       223        1       11        9
     S        16        6        1       10
     B         9        0      122        9
     J       223       33      129     1629

Solo - row percentages
               E        S        B        J
     E      91.4      0.4      4.5      3.7
     S      48.5     18.2      3.0     30.3
     B       6.4      0.0     87.1      6.4
     J      11.1      1.6      6.4     80.9

Baritone - counts (rows = actual, columns = predicted)
               E        S        B        J
     E       227        1        5       11
     S        18        4        1       10
     B        11        0      119       10
     J       182       18      113     1701

Baritone - row percentages
               E        S        B        J
     E      93.0      0.4      2.0      4.5
     S      54.5     12.1      3.0     30.3
     B       7.9      0.0     85.0      7.1
     J       9.0      0.9      5.6     84.5

Soprano - counts (rows = actual, columns = predicted)
               E        S        B        J
     E       232        0        4        8
     S        23        2        1        7
     B        19        0      111       10
     J       350       10       99     1555

Soprano - row percentages
               E        S        B        J
     E      95.1      0.0      1.6      3.3
     S      69.7      6.1      3.0     21.2
     B      13.6      0.0     79.3      7.1
     J      17.4      0.5      4.9     77.2

Outputs:
  C:\Users\Pierce Oxley\Documents\Coding\exoplanets\model\evaluation\results\20260522_211948\summary.txt
  C:\Users\Pierce Oxley\Documents\Coding\exoplanets\model\evaluation\results\20260522_211948\threshold_sweep.csv
  C:\Users\Pierce Oxley\Documents\Coding\exoplanets\model\evaluation\results\20260522_211948\headline_metrics.csv
  C:\Users\Pierce Oxley\Documents\Coding\exoplanets\model\evaluation\results\20260522_211948\per_class.csv
  C:\Users\Pierce Oxley\Documents\Coding\exoplanets\model\evaluation\results\20260522_211948\miss_rate_vs_threshold.png
  C:\Users\Pierce Oxley\Documents\Coding\exoplanets\model\evaluation\results\20260522_211948\pr_curve_solo.png
  C:\Users\Pierce Oxley\Documents\Coding\exoplanets\model\evaluation\results\20260522_211948\confusion_solo_raw.png
  C:\Users\Pierce Oxley\Documents\Coding\exoplanets\model\evaluation\results\20260522_211948\confusion_solo_pct.png
  C:\Users\Pierce Oxley\Documents\Coding\exoplanets\model\evaluation\results\20260522_211948\pr_curve_baritone.png
  C:\Users\Pierce Oxley\Documents\Coding\exoplanets\model\evaluation\results\20260522_211948\confusion_baritone_raw.png
  C:\Users\Pierce Oxley\Documents\Coding\exoplanets\model\evaluation\results\20260522_211948\confusion_baritone_pct.png
  C:\Users\Pierce Oxley\Documents\Coding\exoplanets\model\evaluation\results\20260522_211948\pr_curve_soprano.png
  C:\Users\Pierce Oxley\Documents\Coding\exoplanets\model\evaluation\results\20260522_211948\confusion_soprano_raw.png
  C:\Users\Pierce Oxley\Documents\Coding\exoplanets\model\evaluation\results\20260522_211948\confusion_soprano_pct.png
